21.3
20.5
21.2666666666667
21.3333333333333
21.3333333333333
21.5666666666667
21.5
21.4666666666667
21.6
21.2666666666667
22.0333333333333
20.8666666666667
21.4
21.5666666666667
20.9666666666667
21.2666666666667
21.6
21
22
21.1333333333333
21.5333333333333
21.8666666666667
21
21.4666666666667
21.7666666666667
21.2666666666667
21.7
21.8
21.4666666666667
22.2
21.8666666666667
21.5333333333333
21.7666666666667
21.8333333333333
21.9666666666667
21.7
21.7666666666667
22.1333333333333
21.7
22.1666666666667
21.6333333333333
21.8333333333333
22.5666666666667
21.7
22.0333333333333
22.1666666666667
21.7666666666667
22.5
22.0666666666667
21.9666666666667
22.3
22.4666666666667
22.2
22.9
22.2666666666667
22.2
22.1
22.6
21.9
22.1666666666667
22.4333333333333
22.0333333333333
22.3
22.2
22.0333333333333
22.5
22.3666666666667
22.3666666666667
22.9666666666667
22.1666666666667
22.5666666666667
22.7
22.4333333333333
22.5
22.3666666666667
23.0666666666667
22.3333333333333
22.4666666666667
22.8666666666667
22.8333333333333
22.4
22.9666666666667
23.1
22.4333333333333
22.6
23.1
22.7333333333333
22.6333333333333
23.4666666666667
22.6333333333333
22.7333333333333
23.1
22.7
23.1333333333333
23.2666666666667
22.6333333333333
22.7333333333333
22.7333333333333
23.2666666666667
22
25.1333333333333
28.4
30.6666666666667
29.2
30.3
30.5666666666667
30.1
31.1
30.9333333333333
30.4
30.1666666666667
30.3
30.1666666666667
31.1
30.3333333333333
30.7
30.5333333333333
30.5
30.3666666666667
30.7
31.1
30.0666666666667
30.6666666666667
30.2666666666667
31.2
30.5333333333333
30.6333333333333
30.1
31.0333333333333
31.0666666666667
29.4333333333333
30.5333333333333
30.6
30.1333333333333
30.8
31.0333333333333
30.0333333333333
30.3333333333333
30.8666666666667
30.1
30
30.8
30.2333333333333
30.7333333333333
30.2
30.5333333333333
30.7666666666667
30
30.4666666666667
30.6
30.8
30.6333333333333
30.1666666666667
30.4666666666667
30.7666666666667
29.6333333333333
30.3333333333333
30.5
29.5
30.1666666666667
30.7666666666667
30.0333333333333
30.2666666666667
30
30.8333333333333
30.8
29.8666666666667
30.6333333333333
30.5666666666667
29.9666666666667
30.2
30.2333333333333
30.9666666666667
30.3666666666667
30.4
30.1
30.5333333333333
30.8
30.3
30.3
30.2333333333333
30.9
29.7
30.4
30.9
30.1
29.8333333333333
30.2666666666667
30.2
30.5333333333333
30.8
29.8666666666667
30.2666666666667
30.8666666666667
29.9333333333333
30.4666666666667
30.2
30.3666666666667
30.1
30.0333333333333
30.7
30.2
30.5666666666667
30.1666666666667
30.5666666666667
31
30.7
